0: AP ENG/LANG & COMP
2019-09-01	0	0	0
2019-09-02	0	0	0
2019-09-03	0	0	0
2019-09-04	0	0	0
2019-09-05	1.0	3.0	3.0
2019-09-06	1.0	3.0	3.0
2019-09-07	1.0	3.0	3.0
2019-09-08	1.0	3.0	3.0
2019-09-09	0.9230769230769231	12.0	13.0
2019-09-10	0.9411764705882353	16.0	17.0
2019-09-11	0.9411764705882353	16.0	17.0
2019-09-12	0.9583333333333334	23.0	24.0
2019-09-13	0.9666666666666668	29.0	30.0
2019-09-14	0.9666666666666668	29.0	30.0
2019-09-15	0.9666666666666668	29.0	30.0
2019-09-16	0.9722222222222222	35.0	36.0
2019-09-17	0.9722222222222222	35.0	36.0
2019-09-18	0.9722222222222222	35.0	36.0
2019-09-19	0.9722222222222222	35.0	36.0
2019-09-20	0.9512195121951219	39.0	41.0
2019-09-21	0.9512195121951219	39.0	41.0
2019-09-22	0.9512195121951219	39.0	41.0
2019-09-23	0.9512195121951219	39.0	41.0
2019-09-24	0.9512195121951219	39.0	41.0
2019-09-25	0.9545454545454546	42.0	44.0
2019-09-26	0.96875	62.0	64.0
2019-09-27	0.96875	62.0	64.0
2019-09-28	0.96875	62.0	64.0
2019-09-29	0.96875	62.0	64.0
2019-09-30	0.96875	62.0	64.0
2019-10-01	0.96875	62.0	64.0
2019-10-02	0.96875	62.0	64.0
2019-10-03	0.9780701754385965	111.5	114.0
2019-10-04	0.9780701754385965	111.5	114.0
2019-10-05	0.9780701754385965	111.5	114.0
2019-10-06	0.9780701754385965	111.5	114.0
2019-10-07	0.9780701754385965	111.5	114.0
2019-10-08	0.9717741935483871	120.5	124.0
2019-10-09	0.9717741935483871	120.5	124.0
2019-10-10	0.9717741935483871	120.5	124.0
2019-10-11	0.9724409448818899	123.5	127.0
2019-10-12	0.9724409448818899	123.5	127.0
2019-10-13	0.9724409448818899	123.5	127.0
2019-10-14	0.9732824427480916	127.5	131.0
2019-10-15	0.9732824427480916	127.5	131.0
2019-10-16	0.9732824427480916	127.5	131.0
2019-10-17	0.9740740740740741	131.5	135.0
2019-10-18	0.9746376811594204	134.5	138.0
2019-10-19	0.9746376811594204	134.5	138.0
2019-10-20	0.9746376811594204	134.5	138.0
2019-10-21	0.9746376811594204	134.5	138.0
2019-10-22	0.9695945945945946	143.5	148.0
2019-10-23	0.967741935483871	150.0	155.0
2019-10-24	0.967741935483871	150.0	155.0
2019-10-25	0.968421052631579	184.0	190.0
2019-10-26	0.968421052631579	184.0	190.0
2019-10-27	0.968421052631579	184.0	190.0
2019-10-28	0.9690721649484536	188.0	194.0
2019-10-29	0.9690721649484536	188.0	194.0
2019-10-30	0.9695431472081218	191.0	197.0
2019-10-31	0.9695431472081218	191.0	197.0
2019-11-01	0.93359375	239.0	256.0
1: SPANISH 4H
2019-09-01	0	0	0
2019-09-02	0	0	0
2019-09-03	0	0	0
2019-09-04	0	0	0
2019-09-05	1.0	3.0	3.0
2019-09-06	1.0	3.0	3.0
2019-09-07	1.0	3.0	3.0
2019-09-08	1.0	3.0	3.0
2019-09-09	0.9230769230769231	12.0	13.0
2019-09-10	0.9411764705882353	16.0	17.0
2019-09-11	0.9411764705882353	16.0	17.0
2019-09-12	0.9583333333333334	23.0	24.0
2019-09-13	0.9666666666666668	29.0	30.0
2019-09-14	0.9666666666666668	29.0	30.0
2019-09-15	0.9666666666666668	29.0	30.0
2019-09-16	0.9722222222222222	35.0	36.0
2019-09-17	0.9722222222222222	35.0	36.0
2019-09-18	0.9722222222222222	35.0	36.0
2019-09-19	0.9722222222222222	35.0	36.0
2019-09-20	0.9512195121951219	39.0	41.0
2019-09-21	0.9512195121951219	39.0	41.0
2019-09-22	0.9512195121951219	39.0	41.0
2019-09-23	0.9512195121951219	39.0	41.0
2019-09-24	0.9512195121951219	39.0	41.0
2019-09-25	0.9545454545454546	42.0	44.0
2019-09-26	0.96875	62.0	64.0
2019-09-27	0.96875	62.0	64.0
2019-09-28	0.96875	62.0	64.0
2019-09-29	0.96875	62.0	64.0
2019-09-30	0.96875	62.0	64.0
2019-10-01	0.96875	62.0	64.0
2019-10-02	0.96875	62.0	64.0
2019-10-03	0.9780701754385965	111.5	114.0
2019-10-04	0.9780701754385965	111.5	114.0
2019-10-05	0.9780701754385965	111.5	114.0
2019-10-06	0.9780701754385965	111.5	114.0
2019-10-07	0.9780701754385965	111.5	114.0
2019-10-08	0.9717741935483871	120.5	124.0
2019-10-09	0.9717741935483871	120.5	124.0
2019-10-10	0.9717741935483871	120.5	124.0
2019-10-11	0.9724409448818899	123.5	127.0
2019-10-12	0.9724409448818899	123.5	127.0
2019-10-13	0.9724409448818899	123.5	127.0
2019-10-14	0.9732824427480916	127.5	131.0
2019-10-15	0.9732824427480916	127.5	131.0
2019-10-16	0.9732824427480916	127.5	131.0
2019-10-17	0.9740740740740741	131.5	135.0
2019-10-18	0.9746376811594204	134.5	138.0
2019-10-19	0.9746376811594204	134.5	138.0
2019-10-20	0.9746376811594204	134.5	138.0
2019-10-21	0.9746376811594204	134.5	138.0
2019-10-22	0.9695945945945946	143.5	148.0
2019-10-23	0.967741935483871	150.0	155.0
2019-10-24	0.967741935483871	150.0	155.0
2019-10-25	0.968421052631579	184.0	190.0
2019-10-26	0.968421052631579	184.0	190.0
2019-10-27	0.968421052631579	184.0	190.0
2019-10-28	0.9690721649484536	188.0	194.0
2019-10-29	0.9690721649484536	188.0	194.0
2019-10-30	0.9695431472081218	191.0	197.0
2019-10-31	0.9695431472081218	191.0	197.0
2019-11-01	0.93359375	239.0	256.0
2: AP MACROECONOMICS
2019-09-01	0	0	0
2019-09-02	0	0	0
2019-09-03	0	0	0
2019-09-04	0	0	0
2019-09-05	0	0	0
2019-09-06	0	0	0
2019-09-07	0	0	0
2019-09-08	0	0	0
2019-09-09	0	0	0
2019-09-10	1.0	10.0	10.0
2019-09-11	1.0	20.0	20.0
2019-09-12	1.0	20.0	20.0
2019-09-13	1.0	20.0	20.0
2019-09-14	1.0	20.0	20.0
2019-09-15	1.0	20.0	20.0
2019-09-16	1.0	20.0	20.0
2019-09-17	1.0	20.0	20.0
2019-09-18	1.0	20.0	20.0
2019-09-19	1.0	20.0	20.0
2019-09-20	1.0	20.0	20.0
2019-09-21	1.0	20.0	20.0
2019-09-22	1.0	20.0	20.0
2019-09-23	1.0	20.0	20.0
2019-09-24	1.0	20.0	20.0
2019-09-25	1.0	20.0	20.0
2019-09-26	1.0	20.0	20.0
2019-09-27	1.0	20.0	20.0
2019-09-28	1.0	20.0	20.0
2019-09-29	1.0	20.0	20.0
2019-09-30	1.0	20.0	20.0
2019-10-01	1.0	20.0	20.0
2019-10-02	1.0	20.0	20.0
2019-10-03	1.0	20.0	20.0
2019-10-04	1.0	20.0	20.0
2019-10-05	1.0	20.0	20.0
2019-10-06	1.0	20.0	20.0
2019-10-07	1.0	20.0	20.0
2019-10-08	1.0	20.0	20.0
2019-10-09	1.0	20.0	20.0
2019-10-10	1.0	20.0	20.0
2019-10-11	1.0	20.0	20.0
2019-10-12	0.9795454545454546	215.5	220.0
2019-10-13	0.9795454545454546	215.5	220.0
2019-10-14	0.9795454545454546	215.5	220.0
2019-10-15	0.9795454545454546	215.5	220.0
2019-10-16	0.9795454545454546	215.5	220.0
2019-10-17	0.9795454545454546	215.5	220.0
2019-10-18	0.9795454545454546	215.5	220.0
2019-10-19	0.9795454545454546	215.5	220.0
2019-10-20	0.9795454545454546	215.5	220.0
2019-10-21	0.9795454545454546	215.5	220.0
2019-10-22	0.9795454545454546	215.5	220.0
2019-10-23	0.9795454545454546	215.5	220.0
2019-10-24	0.9795454545454546	215.5	220.0
2019-10-25	0.9795454545454546	215.5	220.0
2019-10-26	0.9795454545454546	215.5	220.0
2019-10-27	0.9795454545454546	215.5	220.0
2019-10-28	0.9765957446808511	229.5	235.0
2019-10-29	0.9765957446808511	229.5	235.0
2019-10-30	0.9765957446808511	229.5	235.0
2019-10-31	0.9784313725490196	249.5	255.0
2019-11-01	0.9784313725490196	249.5	255.0
3: AP MICROECONOMICS
2019-09-01	0	0	0
2019-09-02	0	0	0
2019-09-03	0	0	0
2019-09-04	0	0	0
2019-09-05	0	0	0
2019-09-06	0	0	0
2019-09-07	0	0	0
2019-09-08	0	0	0
2019-09-09	0	0	0
2019-09-10	1.0	10.0	10.0
2019-09-11	1.0	20.0	20.0
2019-09-12	1.0	20.0	20.0
2019-09-13	1.0	20.0	20.0
2019-09-14	1.0	20.0	20.0
2019-09-15	1.0	20.0	20.0
2019-09-16	1.0	20.0	20.0
2019-09-17	1.0	20.0	20.0
2019-09-18	1.0	20.0	20.0
2019-09-19	1.0	20.0	20.0
2019-09-20	1.0	20.0	20.0
2019-09-21	1.0	20.0	20.0
2019-09-22	1.0	20.0	20.0
2019-09-23	1.0	20.0	20.0
2019-09-24	1.0	20.0	20.0
2019-09-25	1.0	20.0	20.0
2019-09-26	1.0	20.0	20.0
2019-09-27	1.0	20.0	20.0
2019-09-28	1.0	20.0	20.0
2019-09-29	1.0	20.0	20.0
2019-09-30	1.0	20.0	20.0
2019-10-01	1.0	20.0	20.0
2019-10-02	1.0	20.0	20.0
2019-10-03	1.0	20.0	20.0
2019-10-04	1.0	20.0	20.0
2019-10-05	1.0	20.0	20.0
2019-10-06	1.0	20.0	20.0
2019-10-07	1.0	20.0	20.0
2019-10-08	1.0	20.0	20.0
2019-10-09	1.0	20.0	20.0
2019-10-10	1.0	20.0	20.0
2019-10-11	1.0	20.0	20.0
2019-10-12	0.9795454545454546	215.5	220.0
2019-10-13	0.9795454545454546	215.5	220.0
2019-10-14	0.9795454545454546	215.5	220.0
2019-10-15	0.9795454545454546	215.5	220.0
2019-10-16	0.9795454545454546	215.5	220.0
2019-10-17	0.9795454545454546	215.5	220.0
2019-10-18	0.9795454545454546	215.5	220.0
2019-10-19	0.9795454545454546	215.5	220.0
2019-10-20	0.9795454545454546	215.5	220.0
2019-10-21	0.9795454545454546	215.5	220.0
2019-10-22	0.9795454545454546	215.5	220.0
2019-10-23	0.9795454545454546	215.5	220.0
2019-10-24	0.9795454545454546	215.5	220.0
2019-10-25	0.9795454545454546	215.5	220.0
2019-10-26	0.9795454545454546	215.5	220.0
2019-10-27	0.9795454545454546	215.5	220.0
2019-10-28	0.9765957446808511	229.5	235.0
2019-10-29	0.9765957446808511	229.5	235.0
2019-10-30	0.9765957446808511	229.5	235.0
2019-10-31	0.9784313725490196	249.5	255.0
2019-11-01	0.9784313725490196	249.5	255.0
4: AP CALCULUS BC
2019-09-01	0	0	0
2019-09-02	0	0	0
2019-09-03	0	0	0
2019-09-04	0	0	0
2019-09-05	0	0	0
2019-09-06	0	0	0
2019-09-07	0	0	0
2019-09-08	0	0	0
2019-09-09	0	0	0
2019-09-10	0	0	0
2019-09-11	0	0	0
2019-09-12	0	0	0
2019-09-13	0	0	0
2019-09-14	0	0	0
2019-09-15	0	0	0
2019-09-16	0	0	0
2019-09-17	0	0	0
2019-09-18	0	0	0
2019-09-19	0	0	0
2019-09-20	0	0	0
2019-09-21	0	0	0
2019-09-22	0	0	0
2019-09-23	0	0	0
2019-09-24	0	0	0
2019-09-25	0	0	0
2019-09-26	0	0	0
2019-09-27	0	0	0
2019-09-28	0	0	0
2019-09-29	0	0	0
2019-09-30	0	0	0
2019-10-01	0	0	0
2019-10-02	0	0	0
2019-10-03	0	0	0
2019-10-04	0	0	0
2019-10-05	0	0	0
2019-10-06	0	0	0
2019-10-07	0	0	0
2019-10-08	0	0	0
2019-10-09	0	0	0
2019-10-10	0	0	0
2019-10-11	0	0	0
2019-10-12	0	0	0
2019-10-13	0	0	0
2019-10-14	0	0	0
2019-10-15	0	0	0
2019-10-16	0	0	0
2019-10-17	0	0	0
2019-10-18	0	0	0
2019-10-19	0	0	0
2019-10-20	0	0	0
2019-10-21	0	0	0
2019-10-22	0	0	0
2019-10-23	0	0	0
2019-10-24	0	0	0
2019-10-25	0	0	0
2019-10-26	0	0	0
2019-10-27	0	0	0
2019-10-28	0	0	0
2019-10-29	0	0	0
2019-10-30	0	0	0
2019-10-31	0	0	0
2019-11-01	0	0	0
5: AP BIOLOGY
2019-09-01	0	0	0
2019-09-02	0	0	0
2019-09-03	0	0	0
2019-09-04	0	0	0
2019-09-05	0	0	0
2019-09-06	0	0	0
2019-09-07	0	0	0
2019-09-08	0	0	0
2019-09-09	0	0	0
2019-09-10	0	0	0
2019-09-11	0	0	0
2019-09-12	0	0	0
2019-09-13	0	0	0
2019-09-14	0	0	0
2019-09-15	0	0	0
2019-09-16	0	0	0
2019-09-17	0	0	0
2019-09-18	0	0	0
2019-09-19	0	0	0
2019-09-20	0	0	0
2019-09-21	0	0	0
2019-09-22	0	0	0
2019-09-23	0	0	0
2019-09-24	0	0	0
2019-09-25	0	0	0
2019-09-26	0	0	0
2019-09-27	0	0	0
2019-09-28	0	0	0
2019-09-29	0	0	0
2019-09-30	0	0	0
2019-10-01	0	0	0
2019-10-02	0	0	0
2019-10-03	0	0	0
2019-10-04	0	0	0
2019-10-05	0	0	0
2019-10-06	0	0	0
2019-10-07	0	0	0
2019-10-08	0	0	0
2019-10-09	0	0	0
2019-10-10	0	0	0
2019-10-11	0	0	0
2019-10-12	0	0	0
2019-10-13	0	0	0
2019-10-14	0	0	0
2019-10-15	0	0	0
2019-10-16	0	0	0
2019-10-17	0	0	0
2019-10-18	0	0	0
2019-10-19	0	0	0
2019-10-20	0	0	0
2019-10-21	0	0	0
2019-10-22	0	0	0
2019-10-23	0	0	0
2019-10-24	0	0	0
2019-10-25	0	0	0
2019-10-26	0	0	0
2019-10-27	0	0	0
2019-10-28	0	0	0
2019-10-29	0	0	0
2019-10-30	0	0	0
2019-10-31	0	0	0
2019-11-01	0	0	0
6: PHYS ED 11
2019-09-01	0	0	0
2019-09-02	0	0	0
2019-09-03	0	0	0
2019-09-04	0	0	0
2019-09-05	0	0	0
2019-09-06	0	0	0
2019-09-07	0	0	0
2019-09-08	0	0	0
2019-09-09	0	0	0
2019-09-10	0	0	0
2019-09-11	0	0	0
2019-09-12	1.0	12.0	12.0
2019-09-13	1.0	12.0	12.0
2019-09-14	1.0	12.0	12.0
2019-09-15	1.0	12.0	12.0
2019-09-16	1.0	17.0	17.0
2019-09-17	1.0	17.0	17.0
2019-09-18	1.0	23.0	23.0
2019-09-19	1.0	23.0	23.0
2019-09-20	1.0	32.0	32.0
2019-09-21	1.0	32.0	32.0
2019-09-22	1.0	32.0	32.0
2019-09-23	1.0	32.0	32.0
2019-09-24	1.0	32.0	32.0
2019-09-25	0.9945652173913044	91.5	92.0
2019-09-26	0.9945652173913044	91.5	92.0
2019-09-27	1.0084745762711864	119.0	118.0
2019-09-28	1.0084745762711864	119.0	118.0
2019-09-29	1.0084745762711864	119.0	118.0
2019-09-30	1.0084745762711864	119.0	118.0
2019-10-01	1.0084745762711864	119.0	118.0
2019-10-02	1.0084745762711864	119.0	118.0
2019-10-03	1.0084745762711864	119.0	118.0
2019-10-04	0.9634831460674157	171.5	178.0
2019-10-05	0.9634831460674157	171.5	178.0
2019-10-06	0.9634831460674157	171.5	178.0
2019-10-07	0.9634831460674157	171.5	178.0
2019-10-08	0.9634831460674157	171.5	178.0
2019-10-09	0.9634831460674157	171.5	178.0
2019-10-10	0.9634831460674157	171.5	178.0
2019-10-11	0.9634831460674157	171.5	178.0
2019-10-12	0.9634831460674157	171.5	178.0
2019-10-13	0.9634831460674157	171.5	178.0
2019-10-14	0.9634831460674157	171.5	178.0
2019-10-15	0.9634831460674157	171.5	178.0
2019-10-16	0.9634831460674157	171.5	178.0
2019-10-17	0.9634831460674157	171.5	178.0
2019-10-18	0.9634831460674157	171.5	178.0
2019-10-19	0.9634831460674157	171.5	178.0
2019-10-20	0.9634831460674157	171.5	178.0
2019-10-21	0.9634831460674157	171.5	178.0
2019-10-22	0.9634831460674157	171.5	178.0
2019-10-23	0.9726890756302521	231.5	238.0
2019-10-24	0.9726890756302521	231.5	238.0
2019-10-25	0.9726890756302521	231.5	238.0
2019-10-26	0.9726890756302521	231.5	238.0
2019-10-27	0.9726890756302521	231.5	238.0
2019-10-28	0.9726890756302521	231.5	238.0
2019-10-29	0.9751908396946565	255.5	262.0
2019-10-30	0.9751908396946565	255.5	262.0
2019-10-31	0.9751908396946565	255.5	262.0
2019-11-01	0.9751908396946565	255.5	262.0
7: HEALTH 11
2019-09-01	0	0	0
2019-09-02	0	0	0
2019-09-03	0	0	0
2019-09-04	0	0	0
2019-09-05	0	0	0
2019-09-06	0	0	0
2019-09-07	0	0	0
2019-09-08	0	0	0
2019-09-09	0	0	0
2019-09-10	0	0	0
2019-09-11	0	0	0
2019-09-12	1.0	12.0	12.0
2019-09-13	1.0	12.0	12.0
2019-09-14	1.0	12.0	12.0
2019-09-15	1.0	12.0	12.0
2019-09-16	1.0	17.0	17.0
2019-09-17	1.0	17.0	17.0
2019-09-18	1.0	23.0	23.0
2019-09-19	1.0	23.0	23.0
2019-09-20	1.0	32.0	32.0
2019-09-21	1.0	32.0	32.0
2019-09-22	1.0	32.0	32.0
2019-09-23	1.0	32.0	32.0
2019-09-24	1.0	32.0	32.0
2019-09-25	0.9945652173913044	91.5	92.0
2019-09-26	0.9945652173913044	91.5	92.0
2019-09-27	1.0084745762711864	119.0	118.0
2019-09-28	1.0084745762711864	119.0	118.0
2019-09-29	1.0084745762711864	119.0	118.0
2019-09-30	1.0084745762711864	119.0	118.0
2019-10-01	1.0084745762711864	119.0	118.0
2019-10-02	1.0084745762711864	119.0	118.0
2019-10-03	1.0084745762711864	119.0	118.0
2019-10-04	0.9634831460674157	171.5	178.0
2019-10-05	0.9634831460674157	171.5	178.0
2019-10-06	0.9634831460674157	171.5	178.0
2019-10-07	0.9634831460674157	171.5	178.0
2019-10-08	0.9634831460674157	171.5	178.0
2019-10-09	0.9634831460674157	171.5	178.0
2019-10-10	0.9634831460674157	171.5	178.0
2019-10-11	0.9634831460674157	171.5	178.0
2019-10-12	0.9634831460674157	171.5	178.0
2019-10-13	0.9634831460674157	171.5	178.0
2019-10-14	0.9634831460674157	171.5	178.0
2019-10-15	0.9634831460674157	171.5	178.0
2019-10-16	0.9634831460674157	171.5	178.0
2019-10-17	0.9634831460674157	171.5	178.0
2019-10-18	0.9634831460674157	171.5	178.0
2019-10-19	0.9634831460674157	171.5	178.0
2019-10-20	0.9634831460674157	171.5	178.0
2019-10-21	0.9634831460674157	171.5	178.0
2019-10-22	0.9634831460674157	171.5	178.0
2019-10-23	0.9726890756302521	231.5	238.0
2019-10-24	0.9726890756302521	231.5	238.0
2019-10-25	0.9726890756302521	231.5	238.0
2019-10-26	0.9726890756302521	231.5	238.0
2019-10-27	0.9726890756302521	231.5	238.0
2019-10-28	0.9726890756302521	231.5	238.0
2019-10-29	0.9751908396946565	255.5	262.0
2019-10-30	0.9751908396946565	255.5	262.0
2019-10-31	0.9751908396946565	255.5	262.0
2019-11-01	0.9751908396946565	255.5	262.0
8: STUDY HALL FULL YEAR
2019-09-01	0	0	0
2019-09-02	0	0	0
2019-09-03	0	0	0
2019-09-04	0	0	0
2019-09-05	0	0	0
2019-09-06	0	0	0
2019-09-07	0	0	0
2019-09-08	0	0	0
2019-09-09	0	0	0
2019-09-10	0.95	19.0	20.0
2019-09-11	0.95	19.0	20.0
2019-09-12	0.95	19.0	20.0
2019-09-13	0.95	19.0	20.0
2019-09-14	0.95	19.0	20.0
2019-09-15	0.95	19.0	20.0
2019-09-16	0.9625	77.0	80.0
2019-09-17	0.9625	77.0	80.0
2019-09-18	0.976	122.0	125.0
2019-09-19	0.976	122.0	125.0
2019-09-20	0.976	122.0	125.0
2019-09-21	0.976	122.0	125.0
2019-09-22	0.976	122.0	125.0
2019-09-23	0.976	122.0	125.0
2019-09-24	0.976	122.0	125.0
2019-09-25	0.976	122.0	125.0
2019-09-26	0.9774436090225563	130.0	133.0
2019-09-27	0.9774436090225563	130.0	133.0
2019-09-28	0.9774436090225563	130.0	133.0
2019-09-29	0.9774436090225563	130.0	133.0
2019-09-30	0.9774436090225563	130.0	133.0
2019-10-01	0.9774436090225563	130.0	133.0
2019-10-02	0.9797297297297297	145.0	148.0
2019-10-03	0.976878612716763	169.0	173.0
2019-10-04	0.9495798319327731	226.0	238.0
2019-10-05	0.9495798319327731	226.0	238.0
2019-10-06	0.9495798319327731	226.0	238.0
2019-10-07	0.9495798319327731	226.0	238.0
2019-10-08	0.9495798319327731	226.0	238.0
2019-10-09	0.9495798319327731	226.0	238.0
2019-10-10	0.9495798319327731	226.0	238.0
2019-10-11	0.9495798319327731	226.0	238.0
2019-10-12	0.9495798319327731	226.0	238.0
2019-10-13	0.9495798319327731	226.0	238.0
2019-10-14	0.9495798319327731	226.0	238.0
2019-10-15	0.9516129032258065	236.0	248.0
2019-10-16	0.9516129032258065	236.0	248.0
2019-10-17	0.9516129032258065	236.0	248.0
2019-10-18	0.9516129032258065	236.0	248.0
2019-10-19	0.9516129032258065	236.0	248.0
2019-10-20	0.9516129032258065	236.0	248.0
2019-10-21	0.9516129032258065	236.0	248.0
2019-10-22	0.9516129032258065	236.0	248.0
2019-10-23	0.9402985074626866	252.0	268.0
2019-10-24	0.9434628975265019	267.0	283.0
2019-10-25	0.9434628975265019	267.0	283.0
2019-10-26	0.9434628975265019	267.0	283.0
2019-10-27	0.9434628975265019	267.0	283.0
2019-10-28	0.9434628975265019	267.0	283.0
2019-10-29	0.9434628975265019	267.0	283.0
2019-10-30	0.9546742209631728	337.0	353.0
2019-10-31	0.9465648854961833	372.0	393.0
2019-11-01	0.950354609929078	402.0	423.0
9: STUDY HALL FULL YEAR
2019-09-01	0	0	0
2019-09-02	0	0	0
2019-09-03	0	0	0
2019-09-04	0	0	0
2019-09-05	0	0	0
2019-09-06	0	0	0
2019-09-07	0	0	0
2019-09-08	0	0	0
2019-09-09	0	0	0
2019-09-10	0.95	19.0	20.0
2019-09-11	0.95	19.0	20.0
2019-09-12	0.95	19.0	20.0
2019-09-13	0.95	19.0	20.0
2019-09-14	0.95	19.0	20.0
2019-09-15	0.95	19.0	20.0
2019-09-16	0.9625	77.0	80.0
2019-09-17	0.9625	77.0	80.0
2019-09-18	0.976	122.0	125.0
2019-09-19	0.976	122.0	125.0
2019-09-20	0.976	122.0	125.0
2019-09-21	0.976	122.0	125.0
2019-09-22	0.976	122.0	125.0
2019-09-23	0.976	122.0	125.0
2019-09-24	0.976	122.0	125.0
2019-09-25	0.976	122.0	125.0
2019-09-26	0.9774436090225563	130.0	133.0
2019-09-27	0.9774436090225563	130.0	133.0
2019-09-28	0.9774436090225563	130.0	133.0
2019-09-29	0.9774436090225563	130.0	133.0
2019-09-30	0.9774436090225563	130.0	133.0
2019-10-01	0.9774436090225563	130.0	133.0
2019-10-02	0.9797297297297297	145.0	148.0
2019-10-03	0.976878612716763	169.0	173.0
2019-10-04	0.9495798319327731	226.0	238.0
2019-10-05	0.9495798319327731	226.0	238.0
2019-10-06	0.9495798319327731	226.0	238.0
2019-10-07	0.9495798319327731	226.0	238.0
2019-10-08	0.9495798319327731	226.0	238.0
2019-10-09	0.9495798319327731	226.0	238.0
2019-10-10	0.9495798319327731	226.0	238.0
2019-10-11	0.9495798319327731	226.0	238.0
2019-10-12	0.9495798319327731	226.0	238.0
2019-10-13	0.9495798319327731	226.0	238.0
2019-10-14	0.9495798319327731	226.0	238.0
2019-10-15	0.9516129032258065	236.0	248.0
2019-10-16	0.9516129032258065	236.0	248.0
2019-10-17	0.9516129032258065	236.0	248.0
2019-10-18	0.9516129032258065	236.0	248.0
2019-10-19	0.9516129032258065	236.0	248.0
2019-10-20	0.9516129032258065	236.0	248.0
2019-10-21	0.9516129032258065	236.0	248.0
2019-10-22	0.9516129032258065	236.0	248.0
2019-10-23	0.9402985074626866	252.0	268.0
2019-10-24	0.9434628975265019	267.0	283.0
2019-10-25	0.9434628975265019	267.0	283.0
2019-10-26	0.9434628975265019	267.0	283.0
2019-10-27	0.9434628975265019	267.0	283.0
2019-10-28	0.9434628975265019	267.0	283.0
2019-10-29	0.9434628975265019	267.0	283.0
2019-10-30	0.9546742209631728	337.0	353.0
2019-10-31	0.9465648854961833	372.0	393.0
2019-11-01	0.950354609929078	402.0	423.0
10: STUDY HALL FULL YEAR
2019-09-01	0	0	0
2019-09-02	0	0	0
2019-09-03	0	0	0
2019-09-04	0	0	0
2019-09-05	0	0	0
2019-09-06	0	0	0
2019-09-07	0	0	0
2019-09-08	0	0	0
2019-09-09	0	0	0
2019-09-10	0	0	0
2019-09-11	1.0	5.0	5.0
2019-09-12	1.0	5.0	5.0
2019-09-13	1.0	5.0	5.0
2019-09-14	1.0	5.0	5.0
2019-09-15	1.0	5.0	5.0
2019-09-16	1.0	5.0	5.0
2019-09-17	1.0	5.0	5.0
2019-09-18	1.0	5.0	5.0
2019-09-19	1.0	5.0	5.0
2019-09-20	1.0	5.0	5.0
2019-09-21	1.0	5.0	5.0
2019-09-22	1.0	5.0	5.0
2019-09-23	1.0	5.0	5.0
2019-09-24	1.0	5.0	5.0
2019-09-25	1.0	5.0	5.0
2019-09-26	1.0	5.0	5.0
2019-09-27	1.0	20.0	20.0
2019-09-28	1.0	20.0	20.0
2019-09-29	1.0	20.0	20.0
2019-09-30	1.0	20.0	20.0
2019-10-01	1.0	20.0	20.0
2019-10-02	1.0	20.0	20.0
2019-10-03	1.0	20.0	20.0
2019-10-04	1.0	20.0	20.0
2019-10-05	1.0	20.0	20.0
2019-10-06	1.0	20.0	20.0
2019-10-07	1.0	20.0	20.0
2019-10-08	1.0	20.0	20.0
2019-10-09	1.0	20.0	20.0
2019-10-10	1.0	25.0	25.0
2019-10-11	1.0	25.0	25.0
2019-10-12	1.0	25.0	25.0
2019-10-13	1.0	25.0	25.0
2019-10-14	1.0	25.0	25.0
2019-10-15	1.0	25.0	25.0
2019-10-16	1.0	25.0	25.0
2019-10-17	1.0	25.0	25.0
2019-10-18	1.0	25.0	25.0
2019-10-19	1.0	25.0	25.0
2019-10-20	1.0	25.0	25.0
2019-10-21	1.0	25.0	25.0
2019-10-22	1.0	25.0	25.0
2019-10-23	1.0	25.0	25.0
2019-10-24	1.0	25.0	25.0
2019-10-25	1.0	25.0	25.0
2019-10-26	1.0	25.0	25.0
2019-10-27	1.0	25.0	25.0
2019-10-28	1.0	25.0	25.0
2019-10-29	1.0	25.0	25.0
2019-10-30	1.0	25.0	25.0
2019-10-31	1.0	25.0	25.0
2019-11-01	1.0	75.0	75.0
11: STUDY HALL FULL YEAR
2019-09-01	0	0	0
2019-09-02	0	0	0
2019-09-03	0	0	0
2019-09-04	0	0	0
2019-09-05	0	0	0
2019-09-06	0	0	0
2019-09-07	0	0	0
2019-09-08	0	0	0
2019-09-09	0	0	0
2019-09-10	0	0	0
2019-09-11	1.0	5.0	5.0
2019-09-12	1.0	5.0	5.0
2019-09-13	1.0	5.0	5.0
2019-09-14	1.0	5.0	5.0
2019-09-15	1.0	5.0	5.0
2019-09-16	1.0	5.0	5.0
2019-09-17	1.0	5.0	5.0
2019-09-18	1.0	5.0	5.0
2019-09-19	1.0	5.0	5.0
2019-09-20	1.0	5.0	5.0
2019-09-21	1.0	5.0	5.0
2019-09-22	1.0	5.0	5.0
2019-09-23	1.0	5.0	5.0
2019-09-24	1.0	5.0	5.0
2019-09-25	1.0	5.0	5.0
2019-09-26	1.0	5.0	5.0
2019-09-27	1.0	20.0	20.0
2019-09-28	1.0	20.0	20.0
2019-09-29	1.0	20.0	20.0
2019-09-30	1.0	20.0	20.0
2019-10-01	1.0	20.0	20.0
2019-10-02	1.0	20.0	20.0
2019-10-03	1.0	20.0	20.0
2019-10-04	1.0	20.0	20.0
2019-10-05	1.0	20.0	20.0
2019-10-06	1.0	20.0	20.0
2019-10-07	1.0	20.0	20.0
2019-10-08	1.0	20.0	20.0
2019-10-09	1.0	20.0	20.0
2019-10-10	1.0	25.0	25.0
2019-10-11	1.0	25.0	25.0
2019-10-12	1.0	25.0	25.0
2019-10-13	1.0	25.0	25.0
2019-10-14	1.0	25.0	25.0
2019-10-15	1.0	25.0	25.0
2019-10-16	1.0	25.0	25.0
2019-10-17	1.0	25.0	25.0
2019-10-18	1.0	25.0	25.0
2019-10-19	1.0	25.0	25.0
2019-10-20	1.0	25.0	25.0
2019-10-21	1.0	25.0	25.0
2019-10-22	1.0	25.0	25.0
2019-10-23	1.0	25.0	25.0
2019-10-24	1.0	25.0	25.0
2019-10-25	1.0	25.0	25.0
2019-10-26	1.0	25.0	25.0
2019-10-27	1.0	25.0	25.0
2019-10-28	1.0	25.0	25.0
2019-10-29	1.0	25.0	25.0
2019-10-30	1.0	25.0	25.0
2019-10-31	1.0	25.0	25.0
2019-11-01	1.0	75.0	75.0
12: AP CHEMISTRY
2019-09-01	0	0	0
2019-09-02	0	0	0
2019-09-03	0	0	0
2019-09-04	0	0	0
2019-09-05	0	0	0
2019-09-06	0	0	0
2019-09-07	0	0	0
2019-09-08	0	0	0
2019-09-09	0	0	0
2019-09-10	0	0	0
2019-09-11	0	0	0
2019-09-12	0	0	0
2019-09-13	0	0	0
2019-09-14	0	0	0
2019-09-15	0	0	0
2019-09-16	0	0	0
2019-09-17	0	0	0
2019-09-18	0	0	0
2019-09-19	0	0	0
2019-09-20	0	0	0
2019-09-21	0	0	0
2019-09-22	0	0	0
2019-09-23	0	0	0
2019-09-24	0	0	0
2019-09-25	0	0	0
2019-09-26	0	0	0
2019-09-27	0	0	0
2019-09-28	0	0	0
2019-09-29	0	0	0
2019-09-30	0	0	0
2019-10-01	0	0	0
2019-10-02	0	0	0
2019-10-03	0	0	0
2019-10-04	0	0	0
2019-10-05	0	0	0
2019-10-06	0	0	0
2019-10-07	0	0	0
2019-10-08	0	0	0
2019-10-09	0	0	0
2019-10-10	0	0	0
2019-10-11	0	0	0
2019-10-12	0	0	0
2019-10-13	0	0	0
2019-10-14	0	0	0
2019-10-15	0	0	0
2019-10-16	0	0	0
2019-10-17	0	0	0
2019-10-18	0	0	0
2019-10-19	0	0	0
2019-10-20	0	0	0
2019-10-21	0	0	0
2019-10-22	0	0	0
2019-10-23	0	0	0
2019-10-24	0	0	0
2019-10-25	0	0	0
2019-10-26	0	0	0
2019-10-27	0	0	0
2019-10-28	0	0	0
2019-10-29	0	0	0
2019-10-30	0	0	0
2019-10-31	0	0	0
2019-11-01	0	0	0
